1.207038307189941406e+01 1.172000000000000064e+01
1.194332790374755859e+01 1.153999999999999915e+01
1.179289913177490234e+01 1.233999999999999986e+01
1.235299015045166016e+01 1.158999999999999986e+01
1.176709175109863281e+01 1.146000000000000085e+01
1.171518802642822266e+01 1.186999999999999922e+01
1.196353435516357422e+01 1.188000000000000078e+01
1.194648551940917969e+01 1.241000000000000014e+01
1.234329223632812500e+01 1.200999999999999979e+01
1.203334903717041016e+01 1.148000000000000043e+01
1.171756076812744141e+01 1.231000000000000050e+01
1.231056213378906250e+01 1.225000000000000000e+01
1.222625732421875000e+01 1.334999999999999964e+01
1.315642070770263672e+01 1.286999999999999922e+01
1.270824623107910156e+01 1.311999999999999922e+01
1.306446456909179688e+01 1.283000000000000007e+01
1.283629226684570312e+01 1.358999999999999986e+01
1.356580066680908203e+01 1.303999999999999915e+01
1.303949832916259766e+01 1.296000000000000085e+01
1.307168197631835938e+01 1.323000000000000043e+01
1.331770706176757812e+01 1.235999999999999943e+01
1.258688926696777344e+01 1.294999999999999929e+01
1.308697128295898438e+01 1.239000000000000057e+01
1.258039093017578125e+01 1.197000000000000064e+01
1.227574920654296875e+01 1.241999999999999993e+01
1.256837654113769531e+01 1.286999999999999922e+01
1.288432312011718750e+01 1.331000000000000050e+01
1.325309753417968750e+01 1.392999999999999972e+01
1.380685997009277344e+01 1.456000000000000050e+01
1.440515327453613281e+01 1.198000000000000043e+01
1.240610313415527344e+01 1.225000000000000000e+01
1.258843898773193359e+01 1.191000000000000014e+01
1.223775386810302734e+01 1.123000000000000043e+01
1.172021198272705078e+01 1.119999999999999929e+01
1.161011219024658203e+01 1.093999999999999950e+01
1.137006568908691406e+01 1.085999999999999943e+01
1.126325130462646484e+01 1.113000000000000078e+01
1.136959457397460938e+01 1.100000000000000000e+01
1.125547027587890625e+01 1.131000000000000050e+01
1.143789958953857422e+01 1.136999999999999922e+01
1.145914649963378906e+01 1.114000000000000057e+01
1.131315898895263672e+01 1.207000000000000028e+01
1.195965766906738281e+01 1.160999999999999943e+01
1.160069465637207031e+01 1.134999999999999964e+01
1.149812889099121094e+01 1.157000000000000028e+01
1.164311885833740234e+01 1.026999999999999957e+01
1.086988162994384766e+01 1.028999999999999915e+01
1.085337257385253906e+01 1.081000000000000050e+01
1.102406883239746094e+01 1.118999999999999950e+01
1.124034404754638672e+01 1.138000000000000078e+01
1.135484027862548828e+01 1.067999999999999972e+01
1.095247840881347656e+01 1.073000000000000043e+01
1.098941135406494141e+01 1.048000000000000043e+01
1.082186985015869141e+01 1.110999999999999943e+01
1.115958499908447266e+01 1.147000000000000064e+01
1.137321186065673828e+01 1.168999999999999950e+01
1.154542636871337891e+01 1.221000000000000085e+01
1.192728042602539062e+01 1.217999999999999972e+01
1.192174530029296875e+01 1.151999999999999957e+01
1.154802513122558594e+01 1.159999999999999964e+01
1.165091705322265625e+01 1.100999999999999979e+01
1.126624584197998047e+01 1.124000000000000021e+01
1.141709327697753906e+01 1.206000000000000050e+01
1.194123458862304688e+01 1.189000000000000057e+01
1.179445457458496094e+01 1.183999999999999986e+01
1.182048225402832031e+01 1.088000000000000078e+01
1.122694301605224609e+01 1.096000000000000085e+01
1.128742980957031250e+01 1.059999999999999964e+01
1.101787090301513672e+01 1.082000000000000028e+01
1.111215400695800781e+01 1.111999999999999922e+01
1.125262451171875000e+01 1.125000000000000000e+01
1.132805633544921875e+01 1.225999999999999979e+01
1.204185771942138672e+01 1.223000000000000043e+01
1.197759723663330078e+01 1.217999999999999972e+01
1.202670955657958984e+01 1.163000000000000078e+01
1.169047641754150391e+01 1.190000000000000036e+01
1.192010116577148438e+01 1.280000000000000071e+01
1.258654975891113281e+01 1.308000000000000007e+01
1.279543113708496094e+01 1.309999999999999964e+01
1.287892150878906250e+01 1.316999999999999993e+01
1.303013706207275391e+01 1.300000000000000000e+01
1.295057964324951172e+01 1.348000000000000043e+01
1.343259429931640625e+01 1.484999999999999964e+01
1.464188575744628906e+01 1.532000000000000028e+01
1.506020736694335938e+01 1.425000000000000000e+01
1.420859813690185547e+01 1.601999999999999957e+01
1.583484649658203125e+01 1.458999999999999986e+01
1.468653964996337891e+01 1.452999999999999936e+01
1.465565681457519531e+01 1.474000000000000021e+01
1.489942550659179688e+01 1.612999900000000153e+01
1.607336807250976562e+01 1.611000100000000046e+01
1.615425300598144531e+01 1.350000000000000000e+01
1.385737609863281250e+01 1.533000000000000007e+01
1.537991142272949219e+01 1.466999999999999993e+01
1.477955150604248047e+01 1.486999999999999922e+01
1.496702861785888672e+01 1.646999900000000139e+01
1.626936531066894531e+01 1.621999900000000139e+01
1.624796295166015625e+01 1.563000000000000078e+01
1.572105789184570312e+01 1.555000000000000071e+01
1.562588310241699219e+01 1.458999999999999986e+01
1.471315956115722656e+01 1.496000000000000085e+01
1.507506370544433594e+01 1.455000000000000071e+01
1.466316795349121094e+01 1.319999999999999929e+01
1.341246128082275391e+01 1.246000000000000085e+01
1.277841663360595703e+01 1.191999999999999993e+01
1.227278137207031250e+01 1.224000000000000021e+01
1.242063331604003906e+01 1.263000000000000078e+01
1.266007137298583984e+01 1.275999999999999979e+01
1.274059867858886719e+01 1.303999999999999915e+01
1.299232673645019531e+01 1.296000000000000085e+01
1.293247222900390625e+01 1.333000000000000007e+01
1.330685520172119141e+01 1.378999999999999915e+01
1.372198677062988281e+01 1.264000000000000057e+01
1.275981521606445312e+01 1.214000000000000057e+01
1.246237182617187500e+01 1.122000000000000064e+01
1.175469589233398438e+01 1.249000000000000021e+01
1.261314773559570312e+01 1.291000000000000014e+01
1.286343193054199219e+01 1.239000000000000057e+01
1.246377182006835938e+01 1.165000000000000036e+01
1.196725177764892578e+01 1.198000000000000043e+01
1.217510604858398438e+01 1.292999999999999972e+01
1.287449073791503906e+01 1.251999999999999957e+01
1.250450897216796875e+01 1.292999999999999972e+01
1.290672683715820312e+01 1.357000000000000028e+01
1.346891689300537109e+01 1.315000000000000036e+01
1.309659767150878906e+01 1.259999999999999964e+01
1.274599170684814453e+01 1.365000000000000036e+01
1.368565177917480469e+01 1.351999999999999957e+01
1.349450969696044922e+01 1.372000000000000064e+01
1.374396896362304688e+01 1.373000000000000043e+01
1.377178192138671875e+01 1.416999999999999993e+01
1.421134376525878906e+01 1.333999999999999986e+01
1.345953559875488281e+01 1.341999999999999993e+01
1.360168647766113281e+01 1.341999999999999993e+01
1.357884788513183594e+01 1.341999999999999993e+01
1.356200504302978516e+01 1.330000000000000071e+01
1.344076824188232422e+01 1.351999999999999957e+01
1.364120674133300781e+01 1.225999999999999979e+01
1.257098770141601562e+01 1.274000000000000021e+01
1.295811462402343750e+01 1.241999999999999993e+01
1.262089443206787109e+01 1.238000000000000078e+01
1.257811164855957031e+01 1.240000000000000036e+01
1.255233573913574219e+01 1.321000000000000085e+01
1.320647811889648438e+01 1.248000000000000043e+01
1.256102848052978516e+01 1.251999999999999957e+01
1.266631889343261719e+01 1.183000000000000007e+01
1.211880970001220703e+01 1.175000000000000000e+01
1.204690551757812500e+01 1.208000000000000007e+01
1.223367691040039062e+01 1.157000000000000028e+01
1.183137702941894531e+01 1.051999999999999957e+01
1.116732120513916016e+01 1.035999999999999943e+01
1.100434970855712891e+01 1.099000000000000021e+01
1.124939155578613281e+01 1.109999999999999964e+01
1.129013347625732422e+01 1.051999999999999957e+01
1.094412422180175781e+01 1.097000000000000064e+01
1.117635345458984375e+01 1.023000000000000043e+01
1.073688983917236328e+01 1.044999999999999929e+01
1.082466506958007812e+01 1.076999999999999957e+01
1.094564247131347656e+01 1.033000000000000007e+01
1.071450424194335938e+01 1.081000000000000050e+01
1.094936656951904297e+01 1.083999999999999986e+01
1.094777011871337891e+01 1.094999999999999929e+01
1.102242469787597656e+01 1.127999999999999936e+01
1.121538448333740234e+01 1.144999999999999929e+01
1.133064079284667969e+01 1.249000000000000021e+01
1.207844161987304688e+01 1.226999999999999957e+01
1.188069820404052734e+01 1.167999999999999972e+01
1.159797477722167969e+01 1.140000000000000036e+01
1.147448539733886719e+01 1.203999999999999915e+01
1.193755531311035156e+01 1.176999999999999957e+01
1.173310470581054688e+01 1.158000000000000007e+01
1.165458202362060547e+01 1.251999999999999957e+01
1.234093284606933594e+01 1.217999999999999972e+01
1.205986213684082031e+01 1.213000000000000078e+01
1.211062622070312500e+01 1.105000000000000071e+01
1.141380405426025391e+01 1.108000000000000007e+01
1.143457412719726562e+01 1.147000000000000064e+01
1.162635040283203125e+01 1.148000000000000043e+01
1.161435127258300781e+01 1.115000000000000036e+01
1.139125061035156250e+01 1.146000000000000085e+01
1.158967304229736328e+01 1.178999999999999915e+01
1.179522228240966797e+01 1.165000000000000036e+01
1.169582748413085938e+01 1.196000000000000085e+01
1.193437671661376953e+01 1.208000000000000007e+01
1.201519393920898438e+01 1.269999999999999929e+01
1.250984859466552734e+01 1.239000000000000057e+01
1.227786350250244141e+01 1.227999999999999936e+01
1.228069686889648438e+01 1.215000000000000036e+01
1.220765018463134766e+01 1.183999999999999986e+01
1.200274372100830078e+01 1.235999999999999943e+01
1.238733863830566406e+01 1.328999999999999915e+01
1.311217021942138672e+01 1.215000000000000036e+01
1.219404697418212891e+01 1.224000000000000021e+01
1.237047958374023438e+01 1.258000000000000007e+01
1.260879421234130859e+01 1.268999999999999950e+01
1.269372749328613281e+01 1.294999999999999929e+01
1.292294120788574219e+01 1.314000000000000057e+01
1.310370922088623047e+01 1.332000000000000028e+01
1.328733825683593750e+01 1.363000000000000078e+01
1.359330463409423828e+01 1.457000000000000028e+01
1.447183036804199219e+01 1.567999999999999972e+01
1.545819282531738281e+01 1.632000000000000028e+01
1.607688522338867188e+01 1.612000099999999847e+01
1.608907127380371094e+01 1.444999999999999929e+01
1.461607837677001953e+01 1.491000000000000014e+01
1.504740524291992188e+01 1.375000000000000000e+01
1.395088195800781250e+01 1.405000000000000071e+01
1.423298168182373047e+01 1.398000000000000043e+01
1.411484146118164062e+01 1.384999999999999964e+01
1.396912002563476562e+01 1.452999999999999936e+01
1.460528755187988281e+01 1.511999999999999922e+01
1.513406181335449219e+01 1.531000000000000050e+01
1.533200359344482422e+01 1.686000100000000046e+01
1.652421951293945312e+01 1.486999999999999922e+01
1.505600547790527344e+01 1.491000000000000014e+01
1.497827720642089844e+01 1.461999999999999922e+01
1.474679756164550781e+01 1.538000000000000078e+01
1.547349548339843750e+01 1.441000000000000014e+01
1.453390312194824219e+01 1.692000000000000171e+01
1.643503379821777344e+01 1.496000000000000085e+01
1.511414432525634766e+01 1.655999900000000125e+01
1.631586837768554688e+01 1.773999999999999844e+01
1.721450996398925781e+01 1.452999999999999936e+01
1.490551853179931641e+01 1.331000000000000050e+01
1.341995525360107422e+01 1.130000000000000071e+01
1.193289756774902344e+01 1.198000000000000043e+01
1.218361473083496094e+01 1.261999999999999922e+01
1.258662891387939453e+01 1.233000000000000007e+01
1.231899642944335938e+01 1.315000000000000036e+01
1.301251316070556641e+01 1.367999999999999972e+01
1.346641731262207031e+01 1.410999999999999943e+01
1.389015865325927734e+01 1.408999999999999986e+01
1.393824195861816406e+01 1.401999999999999957e+01
1.397546577453613281e+01 1.364000000000000057e+01
1.369619560241699219e+01 1.449000000000000021e+01
1.454528903961181641e+01 1.375000000000000000e+01
1.382411956787109375e+01 1.341999999999999993e+01
1.360065364837646484e+01 1.406000000000000050e+01
1.420782089233398438e+01 1.426999999999999957e+01
1.434871196746826172e+01 1.360999999999999943e+01
1.374720001220703125e+01 1.314000000000000057e+01
1.336574554443359375e+01 1.328999999999999915e+01
1.349195766448974609e+01 1.349000000000000021e+01
1.361958503723144531e+01 1.315000000000000036e+01
1.328306293487548828e+01 1.239000000000000057e+01
1.266850662231445312e+01 1.280000000000000071e+01
1.298138332366943359e+01 1.249000000000000021e+01
1.266892147064208984e+01 1.269999999999999929e+01
1.283226013183593750e+01 1.240000000000000036e+01
1.255972099304199219e+01 1.225999999999999979e+01
1.245041465759277344e+01 1.193999999999999950e+01
1.218217658996582031e+01 1.292999999999999972e+01
1.294003009796142578e+01 1.250000000000000000e+01
1.254027175903320312e+01 1.203999999999999915e+01
1.225076007843017578e+01 1.208000000000000007e+01
1.226516914367675781e+01 1.149000000000000021e+01
1.181918716430664062e+01 1.157000000000000028e+01
1.184648799896240234e+01 1.239000000000000057e+01
1.240456581115722656e+01 1.314000000000000057e+01
1.296922588348388672e+01 1.117999999999999972e+01
1.157907009124755859e+01 1.176999999999999957e+01
1.199217605590820312e+01 1.109999999999999964e+01
1.146904373168945312e+01 1.126999999999999957e+01
1.157428646087646484e+01 1.151999999999999957e+01
1.168131923675537109e+01 1.142999999999999972e+01
1.159925842285156250e+01 1.150999999999999979e+01
1.164357948303222656e+01 1.200000000000000000e+01
1.197640037536621094e+01 1.159999999999999964e+01
1.168201541900634766e+01 1.173000000000000043e+01
1.180759716033935547e+01 1.121000000000000085e+01
1.144772434234619141e+01 1.178999999999999915e+01
1.184917163848876953e+01 1.166000000000000014e+01
1.171773529052734375e+01 1.202999999999999936e+01
1.200402259826660156e+01 1.282000000000000028e+01
1.259355163574218750e+01 1.324000000000000021e+01
1.294251251220703125e+01 1.324000000000000021e+01
1.299398899078369141e+01 1.343999999999999950e+01
1.326601219177246094e+01 1.406000000000000050e+01
1.387541580200195312e+01 1.465000000000000036e+01
1.444278335571289062e+01 1.435999999999999943e+01
1.424926376342773438e+01 1.383000000000000007e+01
1.389347267150878906e+01 1.317999999999999972e+01
1.338872814178466797e+01 1.247000000000000064e+01
1.281386661529541016e+01 1.242999999999999972e+01
1.273495292663574219e+01 1.283999999999999986e+01
1.299388694763183594e+01 1.256000000000000050e+01
1.271129322052001953e+01 1.318999999999999950e+01
1.323762893676757812e+01 1.323000000000000043e+01
1.322835159301757812e+01 1.349000000000000021e+01
1.349125289916992188e+01 1.358000000000000007e+01
1.358233928680419922e+01 1.408999999999999986e+01
1.408657646179199219e+01 1.398000000000000043e+01
1.399021816253662109e+01 1.408000000000000007e+01
